<?xml version="1.0" standalone="no"?>
<!DOCTYPE svg PUBLIC "-//W3C//DTD SVG 20010904//EN"
 "http://www.w3.org/TR/2001/REC-SVG-20010904/DTD/svg10.dtd">
<svg version="1.0" xmlns="http://www.w3.org/2000/svg"
 width="139.000000pt" height="78.000000pt" viewBox="0 0 139.000000 78.000000"
 preserveAspectRatio="xMidYMid meet">

<g transform="translate(0.000000,78.000000) scale(0.100000,-0.100000)"
fill="#000000" stroke="none">
<path d="M641 759 c-21 -8 -22 -11 -10 -28 83 -113 81 -109 63 -136 -18 -27
-16 -41 15 -125 15 -40 19 -46 15 -20 -4 19 -13 48 -21 63 -20 41 -13 68 26
94 54 36 153 30 194 -12 21 -20 22 -65 2 -91 -8 -10 -15 -29 -15 -41 0 -31
-11 -54 -21 -47 -5 3 -9 23 -9 45 0 26 -5 42 -15 45 -10 4 -15 20 -15 45 0 37
-2 39 -30 39 -28 0 -30 -2 -30 -40 0 -29 -4 -40 -15 -40 -11 0 -15 -10 -14
-32 1 -24 3 -27 6 -10 4 22 23 32 23 12 0 -5 14 -10 30 -10 17 0 30 5 30 10 0
6 5 10 10 10 6 0 10 -15 10 -32 0 -18 5 -40 10 -48 9 -13 12 -12 25 4 8 11 15
29 15 40 1 12 7 32 15 46 17 29 20 86 5 95 -19 12 -10 40 31 94 39 52 40 55
23 68 -29 22 -45 12 -88 -54 -40 -60 -42 -62 -87 -62 -44 -1 -48 1 -74 42 -31
47 -65 87 -74 86 -3 0 -17 -5 -30 -10z m42 -24 c-4 -15 -36 -12 -41 3 -3 9 3
13 19 10 13 -1 23 -7 22 -13z m307 6 c0 -6 -4 -12 -9 -15 -13 -8 -42 4 -35 15
7 12 44 12 44 0z m-275 -30 c3 -5 -4 -13 -16 -16 -23 -8 -34 -1 -24 14 8 13
32 14 40 2z m244 0 c9 -6 10 -10 2 -16 -16 -9 -44 2 -36 15 8 12 16 12 34 1z
m-228 -36 c0 -13 -41 -19 -41 -7 0 11 20 22 33 18 5 -1 8 -6 8 -11z m207 -3
c3 -9 -2 -13 -14 -10 -9 1 -19 9 -22 16 -3 9 2 13 14 10 9 -1 19 -9 22 -16z
m-181 -29 c5 -14 -35 -24 -43 -11 -7 11 15 29 30 25 6 -2 11 -8 13 -14z m163
-4 c0 -5 -9 -9 -20 -9 -19 0 -26 11 -14 23 8 8 34 -3 34 -14z m-82 -106 c-2
-36 -7 -49 -20 -51 -15 -3 -18 4 -18 47 0 45 3 51 21 51 18 0 20 -5 17 -47z"/>
<path d="M751 428 c0 -10 -5 -18 -11 -18 -5 0 -7 -7 -3 -16 5 -15 7 -15 15 0
5 9 7 24 5 34 -4 16 -5 16 -6 0z"/>
<path d="M833 375 c15 -8 27 -19 27 -24 0 -16 -29 -33 -52 -29 -26 3 -37 36
-16 50 10 8 10 9 -2 5 -20 -5 -26 -47 -8 -58 21 -14 64 -10 78 6 12 15 5 55
-10 55 -5 0 -17 3 -27 6 -10 3 -6 -2 10 -11z"/>
<path d="M890 354 c-1 -86 -147 -91 -151 -5 -2 24 -2 25 -6 3 -3 -13 3 -34 11
-47 12 -19 16 -52 16 -145 l0 -121 58 3 57 3 3 120 c2 82 7 130 18 153 11 23
12 37 5 50 -9 14 -10 12 -11 -14z m-96 -80 c21 -8 20 -24 -1 -24 -16 -1 -16
-2 2 -16 17 -13 18 -16 5 -24 -10 -7 -11 -10 -2 -10 19 0 14 -30 -5 -31 -17
-1 -17 -2 0 -6 22 -6 22 -33 0 -34 -17 -1 -17 -2 0 -6 19 -5 23 -33 5 -34 -10
0 -10 -2 0 -6 20 -8 14 -33 -8 -33 -19 0 -20 7 -20 115 0 63 2 115 4 115 2 0
11 -3 20 -6z m73 -112 l2 -112 -27 1 c-24 0 -25 1 -7 9 18 7 19 8 3 15 -10 4
-18 11 -18 16 0 5 8 9 18 9 16 1 16 1 0 11 -10 5 -18 14 -18 19 0 6 8 11 18
11 16 1 16 2 0 6 -10 2 -18 8 -18 13 0 5 8 14 18 19 16 10 16 10 0 11 -10 0
-18 5 -18 10 0 6 7 10 15 10 8 0 15 5 15 10 0 6 -7 10 -15 10 -18 0 -20 36 -2
43 27 12 32 -3 34 -111z"/>
<path d="M20 244 c0 -58 5 -114 10 -125 26 -47 112 -63 167 -29 41 24 55 74
51 178 -3 76 -3 77 -30 80 l-28 3 0 -98 c0 -115 -10 -136 -60 -136 -50 0 -60
22 -60 135 0 98 0 98 -25 98 l-25 0 0 -106z"/>
<path d="M510 330 c0 -18 7 -20 65 -20 36 0 65 -3 65 -6 0 -4 -21 -36 -47 -72
-64 -89 -92 -134 -93 -149 0 -10 28 -13 105 -13 98 0 105 1 105 20 0 18 -7 20
-65 20 -36 0 -65 4 -65 9 0 5 21 37 48 71 55 74 81 118 82 143 0 15 -11 17
-100 17 -93 0 -100 -1 -100 -20z"/>
<path d="M1160 210 l0 -140 25 0 25 0 0 140 0 140 -25 0 -25 0 0 -140z"/>
<path d="M1304 322 c-6 -4 -14 -19 -18 -34 -3 -16 -13 -28 -21 -28 -8 0 -15
-7 -15 -15 0 -8 7 -15 15 -15 12 0 15 -14 15 -63 0 -79 13 -100 60 -95 40 3
49 31 13 36 -21 3 -23 9 -23 63 0 56 1 59 25 59 16 0 25 6 25 15 0 9 -9 15
-25 15 -21 0 -25 5 -25 29 0 32 -10 44 -26 33z"/>
<path d="M300 170 c0 -100 0 -100 25 -100 23 0 24 3 27 78 l3 77 30 0 30 0 3
-77 c3 -75 4 -78 27 -78 24 0 25 2 25 80 0 67 -3 83 -20 100 -22 22 -51 25
-82 9 -14 -8 -23 -8 -31 0 -30 30 -37 12 -37 -89z"/>
<path d="M930 140 l0 -130 25 0 c22 0 25 4 25 35 0 33 2 35 25 29 62 -15 105
27 105 104 0 74 -56 113 -108 76 -20 -14 -23 -14 -28 0 -3 9 -15 16 -25 16
-18 0 -19 -9 -19 -130z m124 74 c14 -35 6 -83 -16 -98 -34 -24 -58 -5 -58 47
0 24 5 48 12 55 17 17 55 15 62 -4z"/>
</g>
</svg>
